%% Ёкспериментальный массив параметров дл€ сечени€ люминесценции
function X = sigma_lum_param() 
% X(:,2) = B_e*10^(-21)
% X(:,3) = CrossEmTemp0*10^(-25)
X = [1401.75 62.7930334205638 75643.1489083208;
    1402 10.7768822348445 0.0990636155083159;
    1402.25000000000 10.1033752279888 0.0843104897247490;
    1402.50000000000 9.38239463556333 0.0708472914681981;
    1402.75000000000 13.0089603147466 0.189166719806569;
    1403 17.0156445824097 0.537722715533009;
    1403.25000000000 11.6409390241078 0.132384491887257;
    1403.50000000000 6.39400758259290 0.0331311480805395;
    1403.75000000000 7.44530260587234 0.0437088621664823;
    1404 6.39400758259289 0.0334202688832489;
    1404.25000000000 9.34969186946200 0.0734761441000180;
    1404.50000000000 12.4473548366249 0.167574613364936;
    1404.75000000000 8.34173478510944 0.0564776361897257;
    1405 5.20738642576575 0.0249824255141219;
    1405.25000000000 0.864157132085996 0.00820000949424997;
    1405.50000000000 Inf Inf;
    1405.75000000000 1.97120875228532 0.0112938224100373;
    1406 4.84046715739601 0.0237608765243359;
    1406.25000000000 -0.772816803381635 0.00523540044945421;
    1406.50000000000 3.11627339953270 0.0136745855516199;
    1406.75000000000 -1.02208495526085 0.00464596013209174;
    1407 4.54755859071913 0.0201489983250474;
    1407.25000000000 5.29717373252412 0.0249995419861494;
    1407.50000000000 4.70571551360902 0.0210823625193679;
    1407.75000000000 3.64041756616653 0.0159872717874617;
    1408 3.03719493808797 0.0134363596887788;
    1408.25000000000 3.03719493808804 0.0134173622974334;
    1408.50000000000 2.70077619256837 0.0118103744529201;
    1408.75000000000 2.70077619256898 0.0118481094102754;
    1409 1.63547824512648 0.00898470443699661;
    1409.25000000000 -0.854625529460600 0.00451605214214522;
    1409.50000000000 7.62952197122856 0.0403272404444430;
    1409.75000000000 7.24714624859940 0.0374269798078888;
    1410 5.16521891169338 0.0227200056315962;
    1410.25000000000 5.63518593653999 0.0260561204029595;
    1410.50000000000 10.4605683890660 0.0912538060397834;
    1410.75000000000 6.31492912114791 0.0327700838461778;
    1411 8.67367982895708 0.0628450634764412;
    1411.25000000000 3.93455955327224 0.0179995567703754;
    1411.50000000000 6.55216450548412 0.0349520858844969;
    1411.75000000000 1.15220054422640 0.00825627518292210;
    1412 3.64521398608353 0.0155042974038155;
    1412.25000000000 9.19153494657241 0.0707274215724391;
    1412.50000000000 15.6258702603920 0.397344039589606;
    1412.75000000000 12.0720463134327 0.158658050336790;
    1413 9.42616924267337 0.0815258957936162;
    1413.25000000000 8.77930684260027 0.0696918889310560;
    1413.50000000000 8.54207145826596 0.0651215757578270;
    1413.75000000000 7.63008713084825 0.0530834507088328;
    1414 6.71672027029250 0.0431121578414210;
    1414.25000000000 4.92271257143872 0.0263273770250766;
    1414.50000000000 3.97104284759036 0.0200024192860023;
    1414.75000000000 -0.773445986371859 0.00562550647539355;
    1415 0.626921747750945 0.00783406473879553;
    1415.25000000000 4.76887076187327 0.0246321267847873;
    1415.50000000000 3.00178923563867 0.0160320020841885;
    1415.75000000000 1.00378213483139 0.00925288197407053;
    1416 -1.01068137070760 0.00531175400583128;
    1416.25000000000 -2.19586331953459 0.00403671022320008;
    1416.50000000000 2.06443851626143 0.0128474989877469;
    1416.75000000000 2.95975609618595 0.0153855937259877;
    1417 -0.142922131957731 0.00659100250012391;
    1417.25000000000 4.17456323219031 0.0214240006600296;
    1417.50000000000 8.74057461595766 0.0764080228240051;
    1417.75000000000 7.35288706685463 0.0540085330152150;
    1418 5.97391345624938 0.0382540930771015;
    1418.25000000000 1.47280791724327 0.0112410476405848;
    1418.50000000000 5.82901450129627 0.0330696969357480;
    1418.75000000000 4.64903400085814 0.0246536073345594;
    1419 -4.51037551539572 0.00229828829885525;
    1419.25000000000 -0.825270878678617 0.00611055944782351;
    1419.50000000000 -4.83420201057757 0.00221958326899568;
    1419.75000000000 -8.17004968754568 0.000888151101317964;
    1420 -12.1028126494567 0.000298106070047039;
    1420.25000000000 -3.89177855972764 0.00265977769001301;
    1420.50000000000 -2.54284174313211 0.00396194067167859;
    1420.75000000000 1.97676551417894 0.0134519128799700;
    1421 -1.99781839577802 0.00506230882531528;
    1421.25000000000 3.70678774574133 0.0223956986127849;
    1421.50000000000 1.64669755891720 0.0133035287194223;
    1421.75000000000 5.14811672094764 0.0318964558170522;
    1422 2.51214739785565 0.0152151950579659;
    1422.25000000000 3.17256557729631 0.0188462384301342;
    1422.50000000000 4.30021376748764 0.0267128136126970;
    1422.75000000000 2.46141456479233 0.0170145901597811;
    1423 -4.04700887047956 0.00317022342363021;
    1423.25000000000 1.26557574119476 0.0131494947045224;
    1423.50000000000 0.0521856030189550 0.00994803756706645;
    1423.75000000000 -3.11428406484049 0.00441200696486962;
    1424 0.412943674588713 0.0112153899750655;
    1424.25000000000 3.04587980722133 0.0220483254723968;
    1424.50000000000 -0.521024526537561 0.00882886972327651;
    1424.75000000000 5.27071371665166 0.0415305472570495;
    1425 4.38745825984797 0.0342049526423841;
    1425.25000000000 9.69141655961169 0.141047902646624;
    1425.50000000000 8.62442163975188 0.110247195754603;
    1425.75000000000 9.31893592353393 0.133145807999065;
    1426 10.6674535543381 0.190231756014117;
    1426.25000000000 10.9514760999599 0.215498021799245;
    1426.50000000000 11.5180186603272 0.259340824081610;
    1426.75000000000 16.4107891737067 0.938575011384803;
    1427 14.6076632867171 0.593522818469317;
    1427.25000000000 9.58294977405240 0.160808371619977;
    1427.50000000000 10.3389860546229 0.198056671524113;
    1427.75000000000 10.5388133792558 0.214407962118350;
    1428 10.1963472204074 0.204935582053114;
    1428.25000000000 8.92360007632616 0.146458063604974;
    1428.50000000000 11.2697306808997 0.273415387921184;
    1428.75000000000 10.2482552013513 0.214338120266534;
    1429 13.5338356066172 0.519625583791117;
    1429.25000000000 17.3463054456676 1.46766400965348;
    1429.50000000000 21.4553505054680 4.40257680820869;
    1429.75000000000 17.5514972809796 1.59365591534057;
    1430 14.9264524152109 0.812172478775206;
    1430.25000000000 21.1103058916138 4.17031638746166;
    1430.50000000000 27.2524903678460 21.0389826137694;
    1430.75000000000 23.0074150095050 7.02807560450635;
    1431 26.4791639471807 17.6364509252466;
    1431.25000000000 27.0456890045256 20.3799814167221;
    1431.50000000000 28.9441478139970 33.8115028598141;
    1431.75000000000 27.1903134925036 22.3694727258638;
    1432 29.0974136405054 38.0428648656556;
    1432.25000000000 26.7190262258388 20.7964382165334;
    1432.50000000000 33.5663007398538 125.747951791839;
    1432.75000000000 24.4764397022971 11.9076203204459;
    1433 30.1145896146890 52.7053281667957;
    1433.25000000000 25.8764433270572 17.8109333723545;
    1433.50000000000 27.7247712418747 29.2245622987371;
    1433.75000000000 26.6727933384890 22.6888894220908;
    1434 25.9538586330775 19.3449827878964;
    1434.25000000000 28.2530795088686 35.8386663592436;
    1434.50000000000 29.9720858160064 56.9413145067315;
    1434.75000000000 27.3994215883872 29.2905798464000;
    1435 31.1667666630024 78.4067640408619;
    1435.25000000000 31.1325649211618 79.2606770895080;
    1435.50000000000 31.8491042360597 97.8516662252629;
    1435.75000000000 34.4825500071812 198.083889780884;
    1436 38.4611997613741 565.374001457682;
    1436.25000000000 36.8574106519522 381.014559357420;
    1436.50000000000 39.3666880506328 741.295888231112;
    1436.75000000000 44.4077294456160 2771.57098869189;
