%% Массив экспериментальных параметров для расчета сечения люминесценции
function X = sigma_lum_param() 
% X(:,2) = B_e*10^(-21)
% X(:,3) = CrossEmTemp0*10^(-25)
X = [1400.0   40.5490   42.3220
    1400.2   38.5285   27.8354
    1400.5   35.2946   13.1822
    1400.7   26.2085    1.6829
    1401.0   23.4901    0.9338
    1401.3   22.4649    0.6758
    1401.5   32.4247    6.7941
    1401.8   21.0646    0.4690
    1402.0   16.6831    0.1870
    1402.2   14.9676    0.1255
    1402.5   16.1153    0.1777
    1402.7   17.6604    0.2654
    1403.0   19.3770    0.3961
    1403.3   21.0925    0.5910
    1403.5   24.0718    1.2253
    1403.8   21.9229    0.7744
    1404.0   20.8329    0.6676
    1404.2   21.1385    0.7857
    1404.5   21.2176    0.8028
    1404.7   18.7507    0.4551
    1405.0   15.2933    0.2051
    1405.3   13.1946    0.1302
    1405.5   11.3361    0.0873
    1405.8   14.0170    0.1715
    1406.0   16.4307    0.3234
    1406.3   12.8314    0.1375
    1406.5   15.5930    0.2887
    1406.7   17.9331    0.5456
    1407.0   20.5909    1.1219
    1407.3   19.6635    0.9039
    1407.5   19.5844    0.8883
    1407.8   20.3458    1.0817
    1408.0   18.7040    0.7405
    1408.3   18.5459    0.7128
    1408.5   16.2897    0.4150
    1408.7   16.2897    0.4163
    1409.0   16.2087    0.4171
    1409.3   16.1308    0.4191
    1409.5   15.9838    0.4212
    1409.8   17.3176    0.6049
    1410.0   19.7750    1.1432
    1410.3   18.4588    0.8580
    1410.5   18.2732    0.8480
    1410.7   17.1476    0.6226
    1411.0   16.0365    0.4577
    1411.3   19.4954    1.0869
    1411.5   21.7820    1.9342
    1411.8   20.8381    1.6267
    1412.0   20.1181    1.4172
    1412.3   18.6341    0.9703
    1412.5   15.9915    0.4990
    1412.7   17.1899    0.6899
    1413.0   18.9315    1.0795
    1413.3   18.2569    0.9361
    1413.5   17.2608    0.7440
    1413.8   19.1084    1.1733
    1414.0   20.9662    1.8533
    1414.3   22.5176    2.6877
    1414.5   23.7038    3.5396
    1414.7   23.3306    3.4325
    1415.0   23.7353    3.9340
    1415.3   25.6465    6.2866
    1415.5   28.0010   11.2641
    1415.8   27.3538    9.8481
    1416.0   26.2371    7.7227
    1416.3   29.1531   15.6566
    1416.5   31.1764   25.4977
    1416.7   30.0556   20.0977
    1417.0   27.9584   12.6326
    1417.3   26.5667    8.9198
    1417.5   25.4718    6.8033
    1417.8   28.0007   12.4806
    1418.0   30.7244   23.9971
    1418.3   31.5011   29.7847
    1418.5   32.2577   36.7657
    1418.7   32.0843   35.7732
    1419.0   31.4218   31.0720
    1419.3   37.4690  133.5591
    1419.5   39.6126  234.2017
    1419.8   38.5816  188.1043
    1420.0   31.7900   33.6057
    1420.3   33.1505   50.1033
    1420.5   31.4205   33.8366
    1420.7   30.1601   24.3872
    1421.0   28.9607   18.1277
    1421.3   31.2088   31.3558
    1421.5   34.3211   66.8699
    1421.8   30.8701   28.3793
    1422.0   30.3007   25.8514
    1422.3   29.9608   24.3320
    1422.5   28.3778   16.3577
    1422.7   28.7626   18.7928
    1423.0   28.7207   19.2916
    1423.3   27.5522   14.3986
    1423.5   28.1980   17.2781
    1423.8   29.4121   23.4706
    1424.0   28.8810   20.7264
    1424.3   27.1791   13.8403
    1424.5   24.8818    7.8863
    1424.7   23.7911    6.1467
    1425.0   22.1783    4.1676
    1425.3   22.2605    4.2912
    1425.5   22.7347    4.8821
    1425.8   20.3085    2.7298
    1426.0   18.6389    1.8346
    1426.3   17.9458    1.5494
    1426.5   17.9086    1.5521
    1426.7   18.6366    1.8822
    1427.0   18.5142    1.8440
    1427.3   18.8458    2.0659
    1427.5   19.3517    2.4631
    1427.8   19.9008    2.8295
    1428.0   19.7710    2.7713
    1428.3   19.7963    2.8536
    1428.5   19.7663    2.9164
    1428.7   19.0669    2.5427
    1429.0   18.4835    2.2463
    1429.3   18.1792    2.0769
    1429.5   17.5620    1.7859
    1429.8   17.6640    1.8804
    1430.0   17.7113    1.9387
    1430.3   17.0105    1.6305
    1430.5   16.3588    1.3976
    1430.7   17.3021    1.7815
    1431.0   17.4643    1.8802
    1431.3   16.5958    1.5667
    1431.5   16.0524    1.4071
    1431.8   15.8814    1.3671
    1432.0   16.1420    1.4862
    1432.3   16.4715    1.6373
    1432.5   16.6925    1.7671
    1432.7   17.1163    2.0116
    1433.0   17.7026    2.3759
    1433.3   17.4800    2.2894
    1433.5   17.3941    2.3020
    1433.8   17.9328    2.6959
    1434.0   18.5220    3.1912
    1434.3   18.5220    3.2087
    1434.5   18.9540    3.6023
    1434.7   18.4641    3.2338
    1435.0   17.6901    2.7077
    1435.3   17.2772    2.4785
    1435.5   17.1792    2.4459
    1435.8   16.9193    2.3394
    1436.0   16.9128    2.3633
    1436.3   17.2557    2.5983
    1436.5   17.8228    3.0154
    1436.7   17.2350    2.6464
    1437.0   16.6624    2.3307
    1437.3   16.6874    2.3837
    1437.5   16.8012    2.4789
    1437.8   16.3563    2.2569
    1438.0   16.0625    2.1152
    1438.3   16.5364    2.4047
    1438.5   16.8046    2.5970
    1438.7   16.6103    2.5228
    1439.0   16.1611    2.3153
    1439.3   16.6785    2.6774
    1439.5   17.3951    3.2298
    1439.8   17.3939    3.2702
    1440.0   17.2835    3.2180
    1440.3   17.3385    3.2899
    1440.5   17.2861    3.2707
    1440.7   17.3212    3.3660
    1441.0   15.6269    2.1943
    1441.2   14.9055    1.8787
    1441.5   14.2049    1.6161
    1441.8   14.7738    1.8802
    1442.0   15.2344    2.1266
    1442.3   14.9150    1.9802
    1442.5   14.4171    1.7639
    1442.7   14.0201    1.6455
    1443.0   13.7165    1.5680
    1443.2   14.2202    1.7988
    1443.5   14.1804    1.7962
    1443.8   14.1883    1.8243
    1444.0   13.9229    1.7391
    1444.3   14.0939    1.8241
    1444.5   14.3509    1.9666
    1444.7   13.8084    1.7578
    1445.0   13.1177    1.5068
    1445.2   12.8783    1.4518
    1445.5   12.3906    1.3171
    1445.8   12.2261    1.2842
    1446.0   12.0664    1.2564
    1446.3   11.7486    1.1737
    1446.5   11.6727    1.1677
    1446.7   11.5261    1.1431
    1447.0   11.6166    1.1874
    1447.2   11.2396    1.1018
    1447.5   10.7123    0.9828
    1447.8   10.7391    1.0079
    1448.0   10.9092    1.0660
    1448.3   10.8300    1.0640
    1448.5   10.8130    1.0725
    1448.7   10.1060    0.9156
    1449.0    8.1015    0.5561
    1449.2    8.7090    0.6535
    1449.5    9.1535    0.7378
    1449.8    8.9012    0.7104
    1450.0    8.6541    0.6846
    1450.3    8.8926    0.7425
    1450.5    9.4011    0.8602
    1450.7    7.7950    0.5827
    1451.0    7.6495    0.5783
    1451.2    8.0620    0.6474
    1451.5    8.8133    0.7917
    1451.8    8.7292    0.7931
    1452.0    8.7137    0.8117
    1452.3    9.0288    0.8914
    1452.5    9.1509    0.9324
    1452.7    8.1903    0.7389
    1453.0    7.8284    0.6832
    1453.2    7.5745    0.6531
    1453.5    7.4493    0.6446
    1453.8    7.4686    0.6557
    1454.0    7.9272    0.7440
    1454.3    6.1905    0.4860
    1454.5    6.0981    0.4847
    1454.7    6.1019    0.4946
    1455.0    6.0464    0.4951
    1455.2    6.2092    0.5256
    1455.5    5.9310    0.4974
    1455.8    5.4640    0.4513
    1456.0    4.7429    0.3831
    1456.3    5.1964    0.4346
    1456.5    5.4874    0.4736
    1456.7    5.5689    0.4965
    1457.0    5.5628    0.5087
    1457.2    5.9237    0.5663
    1457.5    6.4803    0.6625
    1457.8    6.8276    0.7391
    1458.0    6.9292    0.7716
    1458.3    7.3344    0.8679
    1458.5    7.7315    0.9742
    1458.7    8.1457    1.1029
    1459.0    9.0908    1.4321
    1459.2    7.7577    1.0362
    1459.5    7.5079    0.9918
    1459.8    7.5401    1.0071
    1460.0    7.3898    0.9759
    1460.3    9.3217    1.6527
    1460.5    8.9483    1.5300
    1460.7    8.7820    1.4879
